(kicad_pcb (version 20171130) (host pcbnew 5.1.10-88a1d61d58~90~ubuntu20.04.1)

  (general
    (thickness 1.6)
    (drawings 53)
    (tracks 261)
    (zones 0)
    (modules 46)
    (nets 27)
  )

  (page A4)
  (layers
    (0 F.Cu signal)
    (31 B.Cu signal)
    (32 B.Adhes user)
    (33 F.Adhes user)
    (34 B.Paste user)
    (35 F.Paste user)
    (36 B.SilkS user)
    (37 F.SilkS user)
    (38 B.Mask user)
    (39 F.Mask user)
    (40 Dwgs.User user)
    (41 Cmts.User user)
    (42 Eco1.User user)
    (43 Eco2.User user)
    (44 Edge.Cuts user)
    (45 Margin user)
    (46 B.CrtYd user)
    (47 F.CrtYd user)
    (48 B.Fab user)
    (49 F.Fab user)
  )

  (setup
    (last_trace_width 0.25)
    (trace_clearance 0.2)
    (zone_clearance 0.508)
    (zone_45_only no)
    (trace_min 0.2)
    (via_size 0.8)
    (via_drill 0.4)
    (via_min_size 0.4)
    (via_min_drill 0.3)
    (uvia_size 0.3)
    (uvia_drill 0.1)
    (uvias_allowed no)
    (uvia_min_size 0.2)
    (uvia_min_drill 0.1)
    (edge_width 0.05)
    (segment_width 0.2)
    (pcb_text_width 0.3)
    (pcb_text_size 1.5 1.5)
    (mod_edge_width 0.12)
    (mod_text_size 1 1)
    (mod_text_width 0.15)
    (pad_size 2.1 3)
    (pad_drill 0)
    (pad_to_mask_clearance 0)
    (aux_axis_origin 0 0)
    (visible_elements FFFDFF7F)
    (pcbplotparams
      (layerselection 0x010fc_ffffffff)
      (usegerberextensions true)
      (usegerberattributes false)
      (usegerberadvancedattributes false)
      (creategerberjobfile false)
      (excludeedgelayer true)
      (linewidth 0.100000)
      (plotframeref false)
      (viasonmask false)
      (mode 1)
      (useauxorigin false)
      (hpglpennumber 1)
      (hpglpenspeed 20)
      (hpglpendiameter 15.000000)
      (psnegative false)
      (psa4output false)
      (plotreference true)
      (plotvalue false)
      (plotinvisibletext false)
      (padsonsilk false)
      (subtractmaskfromsilk true)
      (outputformat 1)
      (mirror false)
      (drillshape 0)
      (scaleselection 1)
      (outputdirectory "../../New-Files_for_manufacture/Power/"))
  )

  (net 0 "")
  (net 1 GND)
  (net 2 "Net-(C1-Pad1)")
  (net 3 +5V)
  (net 4 "Net-(J1-Pad1)")
  (net 5 "Net-(Q1-Pad3)")
  (net 6 "Net-(R1-Pad1)")
  (net 7 "Net-(R3-Pad2)")
  (net 8 LowBatt)
  (net 9 "Net-(SW1-Pad2)")
  (net 10 "Net-(L1-Pad2)")
  (net 11 "Net-(SW1-Pad1)")
  (net 12 Battery_on)
  (net 13 "Net-(D1-Pad1)")
  (net 14 "Net-(D2-Pad1)")
  (net 15 "Net-(D3-Pad1)")
  (net 16 "Net-(D4-Pad1)")
  (net 17 "Net-(D5-Pad1)")
  (net 18 "Net-(D6-Pad1)")
  (net 19 "Net-(D7-Pad1)")
  (net 20 "Net-(D8-Pad1)")
  (net 21 "Net-(Q2-Pad3)")
  (net 22 "Net-(R6-Pad1)")
  (net 23 "Net-(SW3-Pad2)")
  (net 24 "Net-(D1-Pad2)")
  (net 25 "Net-(D9-Pad1)")
  (net 26 "Net-(D10-Pad1)")

  (net_class Default "This is the default net class."
    (clearance 0.2)
    (trace_width 0.25)
    (via_dia 0.8)
    (via_drill 0.4)
    (uvia_dia 0.3)
    (uvia_drill 0.1)
    (add_net +5V)
    (add_net Battery_on)
    (add_net GND)
    (add_net LowBatt)
    (add_net "Net-(C1-Pad1)")
    (add_net "Net-(D1-Pad1)")
    (add_net "Net-(D1-Pad2)")
    (add_net "Net-(D10-Pad1)")
    (add_net "Net-(D2-Pad1)")
    (add_net "Net-(D3-Pad1)")
    (add_net "Net-(D4-Pad1)")
    (add_net "Net-(D5-Pad1)")
    (add_net "Net-(D6-Pad1)")
    (add_net "Net-(D7-Pad1)")
    (add_net "Net-(D8-Pad1)")
    (add_net "Net-(D9-Pad1)")
    (add_net "Net-(J1-Pad1)")
    (add_net "Net-(L1-Pad2)")
    (add_net "Net-(Q1-Pad3)")
    (add_net "Net-(Q2-Pad3)")
    (add_net "Net-(R1-Pad1)")
    (add_net "Net-(R3-Pad2)")
    (add_net "Net-(R6-Pad1)")
    (add_net "Net-(SW1-Pad1)")
    (add_net "Net-(SW1-Pad2)")
    (add_net "Net-(SW3-Pad2)")
  )

  (module Resistor_SMD:R_0603_1608Metric_Pad0.98x0.95mm_HandSolder (layer F.Cu) (tedit 5F68FEEE) (tstamp 617D9FB7)
    (at 122.8 72.7125 90)
    (descr "Resistor SMD 0603 (1608 Metric), square (rectangular) end terminal, IPC_7351 nominal with elongated pad for handsoldering. (Body size source: IPC-SM-782 page 72, https://www.pcb-3d.com/wordpress/wp-content/uploads/ipc-sm-782a_amendment_1_and_2.pdf), generated with kicad-footprint-generator")
    (tags "resistor handsolder")
    (path /617E848B)
    (attr smd)
    (fp_text reference R17 (at 0 -1.43 90) (layer F.SilkS)
      (effects (font (size 1 1) (thickness 0.15)))
    )
    (fp_text value R (at 0 1.43 90) (layer F.Fab)
      (effects (font (size 1 1) (thickness 0.15)))
    )
    (fp_line (start -0.8 0.4125) (end -0.8 -0.4125) (layer F.Fab) (width 0.1))
    (fp_line (start -0.8 -0.4125) (end 0.8 -0.4125) (layer F.Fab) (width 0.1))
    (fp_line (start 0.8 -0.4125) (end 0.8 0.4125) (layer F.Fab) (width 0.1))
    (fp_line (start 0.8 0.4125) (end -0.8 0.4125) (layer F.Fab) (width 0.1))
    (fp_line (start -0.254724 -0.5225) (end 0.254724 -0.5225) (layer F.SilkS) (width 0.12))
    (fp_line (start -0.254724 0.5225) (end 0.254724 0.5225) (layer F.SilkS) (width 0.12))
    (fp_line (start -1.65 0.73) (end -1.65 -0.73) (layer F.CrtYd) (width 0.05))
    (fp_line (start -1.65 -0.73) (end 1.65 -0.73) (layer F.CrtYd) (width 0.05))
    (fp_line (start 1.65 -0.73) (end 1.65 0.73) (layer F.CrtYd) (width 0.05))
    (fp_line (start 1.65 0.73) (end -1.65 0.73) (layer F.CrtYd) (width 0.05))
    (fp_text user %R (at 0 0 90) (layer F.Fab)
      (effects (font (size 0.4 0.4) (thickness 0.06)))
    )
    (pad 2 smd roundrect (at 0.9125 0 90) (size 0.975 0.95) (layers F.Cu F.Paste F.Mask) (roundrect_rratio 0.25)
      (net 1 GND))
    (pad 1 smd roundrect (at -0.9125 0 90) (size 0.975 0.95) (layers F.Cu F.Paste F.Mask) (roundrect_rratio 0.25)
      (net 26 "Net-(D10-Pad1)"))
    (model ${KISYS3DMOD}/Resistor_SMD.3dshapes/R_0603_1608Metric.wrl
      (at (xyz 0 0 0))
      (scale (xyz 1 1 1))
      (rotate (xyz 0 0 0))
    )
  )

  (module LED_SMD:LED_0805_2012Metric_Pad1.15x1.40mm_HandSolder (layer B.Cu) (tedit 5F68FEF1) (tstamp 617D9B18)
    (at 124.175216 76.975216 315)
    (descr "LED SMD 0805 (2012 Metric), square (rectangular) end terminal, IPC_7351 nominal, (Body size source: https://docs.google.com/spreadsheets/d/1BsfQQcO9C6DZCsRaXUlFlo91Tg2WpOkGARC1WS5S8t0/edit?usp=sharing), generated with kicad-footprint-generator")
    (tags "LED handsolder")
    (path /617E8491)
    (attr smd)
    (fp_text reference D10 (at 0 1.65 315) (layer B.SilkS) hide
      (effects (font (size 1 1) (thickness 0.15)) (justify mirror))
    )
    (fp_text value LED (at 0 -1.65 315) (layer B.Fab) hide
      (effects (font (size 1 1) (thickness 0.15)) (justify mirror))
    )
    (fp_line (start 1 0.6) (end -0.7 0.6) (layer B.Fab) (width 0.1))
    (fp_line (start -0.7 0.6) (end -1 0.3) (layer B.Fab) (width 0.1))
    (fp_line (start -1 0.3) (end -1 -0.6) (layer B.Fab) (width 0.1))
    (fp_line (start -1 -0.6) (end 1 -0.6) (layer B.Fab) (width 0.1))
    (fp_line (start 1 -0.6) (end 1 0.6) (layer B.Fab) (width 0.1))
    (fp_line (start 1 0.96) (end -1.86 0.96) (layer B.SilkS) (width 0.12))
    (fp_line (start -1.86 0.96) (end -1.86 -0.96) (layer B.SilkS) (width 0.12))
    (fp_line (start -1.86 -0.96) (end 1 -0.96) (layer B.SilkS) (width 0.12))
    (fp_line (start -1.85 -0.95) (end -1.85 0.95) (layer B.CrtYd) (width 0.05))
    (fp_line (start -1.85 0.95) (end 1.85 0.95) (layer B.CrtYd) (width 0.05))
    (fp_line (start 1.85 0.95) (end 1.85 -0.95) (layer B.CrtYd) (width 0.05))
    (fp_line (start 1.85 -0.95) (end -1.85 -0.95) (layer B.CrtYd) (width 0.05))
    (fp_text user %R (at 0 0 315) (layer B.Fab) hide
      (effects (font (size 0.5 0.5) (thickness 0.08)) (justify mirror))
    )
    (pad 2 smd roundrect (at 1.025 0 315) (size 1.15 1.4) (layers B.Cu B.Paste B.Mask) (roundrect_rratio 0.2173904347826087)
      (net 3 +5V))
    (pad 1 smd roundrect (at -1.025 0 315) (size 1.15 1.4) (layers B.Cu B.Paste B.Mask) (roundrect_rratio 0.2173904347826087)
      (net 26 "Net-(D10-Pad1)"))
    (model ${KISYS3DMOD}/LED_SMD.3dshapes/LED_0805_2012Metric.wrl
      (at (xyz 0 0 0))
      (scale (xyz 1 1 1))
      (rotate (xyz 0 0 0))
    )
  )

  (module Resistor_SMD:R_0603_1608Metric_Pad0.98x0.95mm_HandSolder (layer F.Cu) (tedit 5F68FEEE) (tstamp 617C6C2E)
    (at 146 85.5875 90)
    (descr "Resistor SMD 0603 (1608 Metric), square (rectangular) end terminal, IPC_7351 nominal with elongated pad for handsoldering. (Body size source: IPC-SM-782 page 72, https://www.pcb-3d.com/wordpress/wp-content/uploads/ipc-sm-782a_amendment_1_and_2.pdf), generated with kicad-footprint-generator")
    (tags "resistor handsolder")
    (path /617F1CA0)
    (attr smd)
    (fp_text reference R16 (at -2.5125 1.3 90) (layer F.SilkS)
      (effects (font (size 1 1) (thickness 0.15)))
    )
    (fp_text value R (at 0 1.43 90) (layer F.Fab)
      (effects (font (size 1 1) (thickness 0.15)))
    )
    (fp_line (start 1.65 0.73) (end -1.65 0.73) (layer F.CrtYd) (width 0.05))
    (fp_line (start 1.65 -0.73) (end 1.65 0.73) (layer F.CrtYd) (width 0.05))
    (fp_line (start -1.65 -0.73) (end 1.65 -0.73) (layer F.CrtYd) (width 0.05))
    (fp_line (start -1.65 0.73) (end -1.65 -0.73) (layer F.CrtYd) (width 0.05))
    (fp_line (start -0.254724 0.5225) (end 0.254724 0.5225) (layer F.SilkS) (width 0.12))
    (fp_line (start -0.254724 -0.5225) (end 0.254724 -0.5225) (layer F.SilkS) (width 0.12))
    (fp_line (start 0.8 0.4125) (end -0.8 0.4125) (layer F.Fab) (width 0.1))
    (fp_line (start 0.8 -0.4125) (end 0.8 0.4125) (layer F.Fab) (width 0.1))
    (fp_line (start -0.8 -0.4125) (end 0.8 -0.4125) (layer F.Fab) (width 0.1))
    (fp_line (start -0.8 0.4125) (end -0.8 -0.4125) (layer F.Fab) (width 0.1))
    (fp_text user %R (at 0 0 90) (layer F.Fab)
      (effects (font (size 0.4 0.4) (thickness 0.06)))
    )
    (pad 2 smd roundrect (at 0.9125 0 90) (size 0.975 0.95) (layers F.Cu F.Paste F.Mask) (roundrect_rratio 0.25)
      (net 8 LowBatt))
    (pad 1 smd roundrect (at -0.9125 0 90) (size 0.975 0.95) (layers F.Cu F.Paste F.Mask) (roundrect_rratio 0.25)
      (net 25 "Net-(D9-Pad1)"))
    (model ${KISYS3DMOD}/Resistor_SMD.3dshapes/R_0603_1608Metric.wrl
      (at (xyz 0 0 0))
      (scale (xyz 1 1 1))
      (rotate (xyz 0 0 0))
    )
  )

  (module LED_SMD:LED_0805_2012Metric_Pad1.15x1.40mm_HandSolder (layer B.Cu) (tedit 5F68FEF1) (tstamp 617C67AF)
    (at 156.5 92.7 315)
    (descr "LED SMD 0805 (2012 Metric), square (rectangular) end terminal, IPC_7351 nominal, (Body size source: https://docs.google.com/spreadsheets/d/1BsfQQcO9C6DZCsRaXUlFlo91Tg2WpOkGARC1WS5S8t0/edit?usp=sharing), generated with kicad-footprint-generator")
    (tags "LED handsolder")
    (path /617F2DF9)
    (attr smd)
    (fp_text reference D9 (at 0 1.65 135) (layer B.SilkS) hide
      (effects (font (size 1 1) (thickness 0.15)) (justify mirror))
    )
    (fp_text value LED (at 0 -1.65 135) (layer B.Fab) hide
      (effects (font (size 1 1) (thickness 0.15)) (justify mirror))
    )
    (fp_line (start 1.85 -0.95) (end -1.85 -0.95) (layer B.CrtYd) (width 0.05))
    (fp_line (start 1.85 0.95) (end 1.85 -0.95) (layer B.CrtYd) (width 0.05))
    (fp_line (start -1.85 0.95) (end 1.85 0.95) (layer B.CrtYd) (width 0.05))
    (fp_line (start -1.85 -0.95) (end -1.85 0.95) (layer B.CrtYd) (width 0.05))
    (fp_line (start -1.86 -0.96) (end 1 -0.96) (layer B.SilkS) (width 0.12))
    (fp_line (start -1.86 0.96) (end -1.86 -0.96) (layer B.SilkS) (width 0.12))
    (fp_line (start 1 0.96) (end -1.86 0.96) (layer B.SilkS) (width 0.12))
    (fp_line (start 1 -0.6) (end 1 0.6) (layer B.Fab) (width 0.1))
    (fp_line (start -1 -0.6) (end 1 -0.6) (layer B.Fab) (width 0.1))
    (fp_line (start -1 0.3) (end -1 -0.6) (layer B.Fab) (width 0.1))
    (fp_line (start -0.7 0.6) (end -1 0.3) (layer B.Fab) (width 0.1))
    (fp_line (start 1 0.6) (end -0.7 0.6) (layer B.Fab) (width 0.1))
    (fp_text user %R (at 0 0 135) (layer B.Fab) hide
      (effects (font (size 0.5 0.5) (thickness 0.08)) (justify mirror))
    )
    (pad 2 smd roundrect (at 1.025 0 315) (size 1.15 1.4) (layers B.Cu B.Paste B.Mask) (roundrect_rratio 0.2173904347826087)
      (net 12 Battery_on))
    (pad 1 smd roundrect (at -1.025 0 315) (size 1.15 1.4) (layers B.Cu B.Paste B.Mask) (roundrect_rratio 0.2173904347826087)
      (net 25 "Net-(D9-Pad1)"))
    (model ${KISYS3DMOD}/LED_SMD.3dshapes/LED_0805_2012Metric.wrl
      (at (xyz 0 0 0))
      (scale (xyz 1 1 1))
      (rotate (xyz 0 0 0))
    )
  )

  (module My_Footprints:MSLPT5252-BG (layer B.Cu) (tedit 6172C224) (tstamp 61687C12)
    (at 128 73 135)
    (path /616A13EB)
    (attr smd)
    (fp_text reference SW1 (at 0 6.75 135) (layer B.SilkS) hide
      (effects (font (size 1 1) (thickness 0.15)) (justify mirror))
    )
    (fp_text value SW_Push_GND (at 0 8.500001 135) (layer B.Fab) hide
      (effects (font (size 1 1) (thickness 0.15)) (justify mirror))
    )
    (fp_line (start -2.6 2.6) (end 2.6 2.6) (layer B.SilkS) (width 0.12))
    (fp_line (start 2.6 2.6) (end 2.6 -2.6) (layer B.SilkS) (width 0.12))
    (fp_line (start 2.6 -2.6) (end -2.6 -2.6) (layer B.SilkS) (width 0.12))
    (fp_line (start -2.6 -2.6) (end -2.6 2.6) (layer B.SilkS) (width 0.12))
    (pad 3 smd rect (at 2.5 0 135) (size 0.6 1) (layers B.Cu B.Paste B.Mask)
      (net 1 GND))
    (pad 3 smd rect (at -2.5 0 135) (size 0.6 1) (layers B.Cu B.Paste B.Mask)
      (net 1 GND))
    (pad 2 smd rect (at 1.85 -3.1 135) (size 1.1 1.8) (layers B.Cu B.Paste B.Mask)
      (net 9 "Net-(SW1-Pad2)"))
    (pad 1 smd rect (at -1.85 -3.1 135) (size 1.1 1.8) (layers B.Cu B.Paste B.Mask)
      (net 11 "Net-(SW1-Pad1)"))
    (pad 2 smd rect (at 1.85 3.1 135) (size 1.1 1.8) (layers B.Cu B.Paste B.Mask)
      (net 9 "Net-(SW1-Pad2)"))
    (pad 1 smd rect (at -1.85 3.1 135) (size 1.1 1.8) (layers B.Cu B.Paste B.Mask)
      (net 11 "Net-(SW1-Pad1)"))
    (model /home/katie/kicad/3D/MSLPT5252-BG.step
      (at (xyz 0 0 0))
      (scale (xyz 1 1 1))
      (rotate (xyz 0 0 0))
    )
  )

  (module Package_TO_SOT_SMD:SOT-23-6_Handsoldering (layer F.Cu) (tedit 5A02FF57) (tstamp 6168CAFD)
    (at 127.85 94.7)
    (descr "6-pin SOT-23 package, Handsoldering")
    (tags "SOT-23-6 Handsoldering")
    (path /6175B475)
    (attr smd)
    (fp_text reference U3 (at 0 -2.9) (layer F.SilkS)
      (effects (font (size 1 1) (thickness 0.15)))
    )
    (fp_text value MAX16054 (at 0 2.9) (layer F.Fab)
      (effects (font (size 1 1) (thickness 0.15)))
    )
    (fp_line (start -0.9 1.61) (end 0.9 1.61) (layer F.SilkS) (width 0.12))
    (fp_line (start 0.9 -1.61) (end -2.05 -1.61) (layer F.SilkS) (width 0.12))
    (fp_line (start -2.4 1.8) (end -2.4 -1.8) (layer F.CrtYd) (width 0.05))
    (fp_line (start 2.4 1.8) (end -2.4 1.8) (layer F.CrtYd) (width 0.05))
    (fp_line (start 2.4 -1.8) (end 2.4 1.8) (layer F.CrtYd) (width 0.05))
    (fp_line (start -2.4 -1.8) (end 2.4 -1.8) (layer F.CrtYd) (width 0.05))
    (fp_line (start -0.9 -0.9) (end -0.25 -1.55) (layer F.Fab) (width 0.1))
    (fp_line (start 0.9 -1.55) (end -0.25 -1.55) (layer F.Fab) (width 0.1))
    (fp_line (start -0.9 -0.9) (end -0.9 1.55) (layer F.Fab) (width 0.1))
    (fp_line (start 0.9 1.55) (end -0.9 1.55) (layer F.Fab) (width 0.1))
    (fp_line (start 0.9 -1.55) (end 0.9 1.55) (layer F.Fab) (width 0.1))
    (fp_text user %R (at 0 0 90) (layer F.Fab)
      (effects (font (size 0.5 0.5) (thickness 0.075)))
    )
    (pad 5 smd rect (at 1.35 0) (size 1.56 0.65) (layers F.Cu F.Paste F.Mask))
    (pad 6 smd rect (at 1.35 -0.95) (size 1.56 0.65) (layers F.Cu F.Paste F.Mask)
      (net 3 +5V))
    (pad 4 smd rect (at 1.35 0.95) (size 1.56 0.65) (layers F.Cu F.Paste F.Mask)
      (net 21 "Net-(Q2-Pad3)"))
    (pad 3 smd rect (at -1.35 0.95) (size 1.56 0.65) (layers F.Cu F.Paste F.Mask)
      (net 22 "Net-(R6-Pad1)"))
    (pad 2 smd rect (at -1.35 0) (size 1.56 0.65) (layers F.Cu F.Paste F.Mask)
      (net 1 GND))
    (pad 1 smd rect (at -1.35 -0.95) (size 1.56 0.65) (layers F.Cu F.Paste F.Mask)
      (net 23 "Net-(SW3-Pad2)"))
    (model ${KISYS3DMOD}/Package_TO_SOT_SMD.3dshapes/SOT-23-6.wrl
      (at (xyz 0 0 0))
      (scale (xyz 1 1 1))
      (rotate (xyz 0 0 0))
    )
  )

  (module My_Footprints:Switch-SKST (layer B.Cu) (tedit 61689976) (tstamp 6168CA8B)
    (at 140 85)
    (path /61767E9D)
    (fp_text reference SW3 (at 0 5.25) (layer B.SilkS) hide
      (effects (font (size 1 1) (thickness 0.15)) (justify mirror))
    )
    (fp_text value SW_Push (at 0 7.25) (layer B.Fab) hide
      (effects (font (size 1 1) (thickness 0.15)) (justify mirror))
    )
    (fp_line (start -4.25 4.25) (end 4.25 4.25) (layer B.SilkS) (width 0.12))
    (fp_line (start 4.25 4.25) (end 4.25 -4.25) (layer B.SilkS) (width 0.12))
    (fp_line (start -4.25 -4.25) (end 4.25 -4.25) (layer B.SilkS) (width 0.12))
    (fp_line (start -4.25 4.25) (end -4.25 -4.25) (layer B.SilkS) (width 0.12))
    (pad 2 smd rect (at 4.05 0) (size 1.7 2.7) (layers B.Cu B.Paste B.Mask)
      (net 23 "Net-(SW3-Pad2)"))
    (pad 1 smd rect (at -4.05 0) (size 1.7 2.7) (layers B.Cu B.Paste B.Mask)
      (net 1 GND))
    (model /home/katie/kicad/3D/SKSTAAE010.step
      (at (xyz 0 0 0))
      (scale (xyz 1 1 1))
      (rotate (xyz 0 0 0))
    )
  )

  (module Resistor_SMD:R_0603_1608Metric_Pad0.98x0.95mm_HandSolder (layer B.Cu) (tedit 5F68FEEE) (tstamp 6168CA49)
    (at 146.354765 78.354765 135)
    (descr "Resistor SMD 0603 (1608 Metric), square (rectangular) end terminal, IPC_7351 nominal with elongated pad for handsoldering. (Body size source: IPC-SM-782 page 72, https://www.pcb-3d.com/wordpress/wp-content/uploads/ipc-sm-782a_amendment_1_and_2.pdf), generated with kicad-footprint-generator")
    (tags "resistor handsolder")
    (path /617D19F2)
    (attr smd)
    (fp_text reference R15 (at 0 -1.5 135) (layer B.SilkS) hide
      (effects (font (size 1 1) (thickness 0.15)) (justify mirror))
    )
    (fp_text value R (at 0 -1.43 135) (layer B.Fab) hide
      (effects (font (size 1 1) (thickness 0.15)) (justify mirror))
    )
    (fp_line (start -0.8 -0.4125) (end -0.8 0.4125) (layer B.Fab) (width 0.1))
    (fp_line (start -0.8 0.4125) (end 0.8 0.4125) (layer B.Fab) (width 0.1))
    (fp_line (start 0.8 0.4125) (end 0.8 -0.4125) (layer B.Fab) (width 0.1))
    (fp_line (start 0.8 -0.4125) (end -0.8 -0.4125) (layer B.Fab) (width 0.1))
    (fp_line (start -0.254724 0.5225) (end 0.254724 0.5225) (layer B.SilkS) (width 0.12))
    (fp_line (start -0.254724 -0.5225) (end 0.254724 -0.5225) (layer B.SilkS) (width 0.12))
    (fp_line (start -1.65 -0.73) (end -1.65 0.73) (layer B.CrtYd) (width 0.05))
    (fp_line (start -1.65 0.73) (end 1.65 0.73) (layer B.CrtYd) (width 0.05))
    (fp_line (start 1.65 0.73) (end 1.65 -0.73) (layer B.CrtYd) (width 0.05))
    (fp_line (start 1.65 -0.73) (end -1.65 -0.73) (layer B.CrtYd) (width 0.05))
    (fp_text user %R (at 0 0 135) (layer B.Fab) hide
      (effects (font (size 0.4 0.4) (thickness 0.06)) (justify mirror))
    )
    (pad 2 smd roundrect (at 0.9125 0 135) (size 0.975 0.95) (layers B.Cu B.Paste B.Mask) (roundrect_rratio 0.25)
      (net 20 "Net-(D8-Pad1)"))
    (pad 1 smd roundrect (at -0.9125 0 135) (size 0.975 0.95) (layers B.Cu B.Paste B.Mask) (roundrect_rratio 0.25)
      (net 1 GND))
    (model ${KISYS3DMOD}/Resistor_SMD.3dshapes/R_0603_1608Metric.wrl
      (at (xyz 0 0 0))
      (scale (xyz 1 1 1))
      (rotate (xyz 0 0 0))
    )
  )

  (module Resistor_SMD:R_0603_1608Metric_Pad0.98x0.95mm_HandSolder (layer B.Cu) (tedit 5F68FEEE) (tstamp 6168CA38)
    (at 149.4 85 90)
    (descr "Resistor SMD 0603 (1608 Metric), square (rectangular) end terminal, IPC_7351 nominal with elongated pad for handsoldering. (Body size source: IPC-SM-782 page 72, https://www.pcb-3d.com/wordpress/wp-content/uploads/ipc-sm-782a_amendment_1_and_2.pdf), generated with kicad-footprint-generator")
    (tags "resistor handsolder")
    (path /617D28F9)
    (attr smd)
    (fp_text reference R14 (at 0 -1.5875 90) (layer B.SilkS) hide
      (effects (font (size 1 1) (thickness 0.15)) (justify mirror))
    )
    (fp_text value R (at 0 -1.43 90) (layer B.Fab) hide
      (effects (font (size 1 1) (thickness 0.15)) (justify mirror))
    )
    (fp_line (start -0.8 -0.4125) (end -0.8 0.4125) (layer B.Fab) (width 0.1))
    (fp_line (start -0.8 0.4125) (end 0.8 0.4125) (layer B.Fab) (width 0.1))
    (fp_line (start 0.8 0.4125) (end 0.8 -0.4125) (layer B.Fab) (width 0.1))
    (fp_line (start 0.8 -0.4125) (end -0.8 -0.4125) (layer B.Fab) (width 0.1))
    (fp_line (start -0.254724 0.5225) (end 0.254724 0.5225) (layer B.SilkS) (width 0.12))
    (fp_line (start -0.254724 -0.5225) (end 0.254724 -0.5225) (layer B.SilkS) (width 0.12))
    (fp_line (start -1.65 -0.73) (end -1.65 0.73) (layer B.CrtYd) (width 0.05))
    (fp_line (start -1.65 0.73) (end 1.65 0.73) (layer B.CrtYd) (width 0.05))
    (fp_line (start 1.65 0.73) (end 1.65 -0.73) (layer B.CrtYd) (width 0.05))
    (fp_line (start 1.65 -0.73) (end -1.65 -0.73) (layer B.CrtYd) (width 0.05))
    (fp_text user %R (at 0 0 90) (layer B.Fab) hide
      (effects (font (size 0.4 0.4) (thickness 0.06)) (justify mirror))
    )
    (pad 2 smd roundrect (at 0.9125 0 90) (size 0.975 0.95) (layers B.Cu B.Paste B.Mask) (roundrect_rratio 0.25)
      (net 19 "Net-(D7-Pad1)"))
    (pad 1 smd roundrect (at -0.9125 0 90) (size 0.975 0.95) (layers B.Cu B.Paste B.Mask) (roundrect_rratio 0.25)
      (net 1 GND))
    (model ${KISYS3DMOD}/Resistor_SMD.3dshapes/R_0603_1608Metric.wrl
      (at (xyz 0 0 0))
      (scale (xyz 1 1 1))
      (rotate (xyz 0 0 0))
    )
  )

  (module Resistor_SMD:R_0603_1608Metric_Pad0.98x0.95mm_HandSolder (layer B.Cu) (tedit 5F68FEEE) (tstamp 6168CA27)
    (at 146.354765 91.854765 45)
    (descr "Resistor SMD 0603 (1608 Metric), square (rectangular) end terminal, IPC_7351 nominal with elongated pad for handsoldering. (Body size source: IPC-SM-782 page 72, https://www.pcb-3d.com/wordpress/wp-content/uploads/ipc-sm-782a_amendment_1_and_2.pdf), generated with kicad-footprint-generator")
    (tags "resistor handsolder")
    (path /617D35DA)
    (attr smd)
    (fp_text reference R13 (at -0.061872 -1.476085 45) (layer B.SilkS) hide
      (effects (font (size 1 1) (thickness 0.15)) (justify mirror))
    )
    (fp_text value R (at 0 -1.43 45) (layer B.Fab) hide
      (effects (font (size 1 1) (thickness 0.15)) (justify mirror))
    )
    (fp_line (start -0.8 -0.4125) (end -0.8 0.4125) (layer B.Fab) (width 0.1))
    (fp_line (start -0.8 0.4125) (end 0.8 0.4125) (layer B.Fab) (width 0.1))
    (fp_line (start 0.8 0.4125) (end 0.8 -0.4125) (layer B.Fab) (width 0.1))
    (fp_line (start 0.8 -0.4125) (end -0.8 -0.4125) (layer B.Fab) (width 0.1))
    (fp_line (start -0.254724 0.5225) (end 0.254724 0.5225) (layer B.SilkS) (width 0.12))
    (fp_line (start -0.254724 -0.5225) (end 0.254724 -0.5225) (layer B.SilkS) (width 0.12))
    (fp_line (start -1.65 -0.73) (end -1.65 0.73) (layer B.CrtYd) (width 0.05))
    (fp_line (start -1.65 0.73) (end 1.65 0.73) (layer B.CrtYd) (width 0.05))
    (fp_line (start 1.65 0.73) (end 1.65 -0.73) (layer B.CrtYd) (width 0.05))
    (fp_line (start 1.65 -0.73) (end -1.65 -0.73) (layer B.CrtYd) (width 0.05))
    (fp_text user %R (at 0 0 45) (layer B.Fab) hide
      (effects (font (size 0.4 0.4) (thickness 0.06)) (justify mirror))
    )
    (pad 2 smd roundrect (at 0.9125 0 45) (size 0.975 0.95) (layers B.Cu B.Paste B.Mask) (roundrect_rratio 0.25)
      (net 18 "Net-(D6-Pad1)"))
    (pad 1 smd roundrect (at -0.9125 0 45) (size 0.975 0.95) (layers B.Cu B.Paste B.Mask) (roundrect_rratio 0.25)
      (net 1 GND))
    (model ${KISYS3DMOD}/Resistor_SMD.3dshapes/R_0603_1608Metric.wrl
      (at (xyz 0 0 0))
      (scale (xyz 1 1 1))
      (rotate (xyz 0 0 0))
    )
  )

  (module Resistor_SMD:R_0603_1608Metric_Pad0.98x0.95mm_HandSolder (layer B.Cu) (tedit 5F68FEEE) (tstamp 6168CA16)
    (at 140.0875 94)
    (descr "Resistor SMD 0603 (1608 Metric), square (rectangular) end terminal, IPC_7351 nominal with elongated pad for handsoldering. (Body size source: IPC-SM-782 page 72, https://www.pcb-3d.com/wordpress/wp-content/uploads/ipc-sm-782a_amendment_1_and_2.pdf), generated with kicad-footprint-generator")
    (tags "resistor handsolder")
    (path /617D4677)
    (attr smd)
    (fp_text reference R12 (at 0 -1.5) (layer B.SilkS) hide
      (effects (font (size 1 1) (thickness 0.15)) (justify mirror))
    )
    (fp_text value R (at 0 -1.43) (layer B.Fab) hide
      (effects (font (size 1 1) (thickness 0.15)) (justify mirror))
    )
    (fp_line (start -0.8 -0.4125) (end -0.8 0.4125) (layer B.Fab) (width 0.1))
    (fp_line (start -0.8 0.4125) (end 0.8 0.4125) (layer B.Fab) (width 0.1))
    (fp_line (start 0.8 0.4125) (end 0.8 -0.4125) (layer B.Fab) (width 0.1))
    (fp_line (start 0.8 -0.4125) (end -0.8 -0.4125) (layer B.Fab) (width 0.1))
    (fp_line (start -0.254724 0.5225) (end 0.254724 0.5225) (layer B.SilkS) (width 0.12))
    (fp_line (start -0.254724 -0.5225) (end 0.254724 -0.5225) (layer B.SilkS) (width 0.12))
    (fp_line (start -1.65 -0.73) (end -1.65 0.73) (layer B.CrtYd) (width 0.05))
    (fp_line (start -1.65 0.73) (end 1.65 0.73) (layer B.CrtYd) (width 0.05))
    (fp_line (start 1.65 0.73) (end 1.65 -0.73) (layer B.CrtYd) (width 0.05))
    (fp_line (start 1.65 -0.73) (end -1.65 -0.73) (layer B.CrtYd) (width 0.05))
    (fp_text user %R (at 0 0) (layer B.Fab) hide
      (effects (font (size 0.4 0.4) (thickness 0.06)) (justify mirror))
    )
    (pad 2 smd roundrect (at 0.9125 0) (size 0.975 0.95) (layers B.Cu B.Paste B.Mask) (roundrect_rratio 0.25)
      (net 17 "Net-(D5-Pad1)"))
    (pad 1 smd roundrect (at -0.9125 0) (size 0.975 0.95) (layers B.Cu B.Paste B.Mask) (roundrect_rratio 0.25)
      (net 1 GND))
    (model ${KISYS3DMOD}/Resistor_SMD.3dshapes/R_0603_1608Metric.wrl
      (at (xyz 0 0 0))
      (scale (xyz 1 1 1))
      (rotate (xyz 0 0 0))
    )
  )

  (module Resistor_SMD:R_0603_1608Metric_Pad0.98x0.95mm_HandSolder (layer B.Cu) (tedit 5F68FEEE) (tstamp 6168CA05)
    (at 133.354765 91.354765 315)
    (descr "Resistor SMD 0603 (1608 Metric), square (rectangular) end terminal, IPC_7351 nominal with elongated pad for handsoldering. (Body size source: IPC-SM-782 page 72, https://www.pcb-3d.com/wordpress/wp-content/uploads/ipc-sm-782a_amendment_1_and_2.pdf), generated with kicad-footprint-generator")
    (tags "resistor handsolder")
    (path /617D52D1)
    (attr smd)
    (fp_text reference R11 (at 0 -1.414214 135) (layer B.SilkS) hide
      (effects (font (size 1 1) (thickness 0.15)) (justify mirror))
    )
    (fp_text value R (at 0 -1.43 135) (layer B.Fab) hide
      (effects (font (size 1 1) (thickness 0.15)) (justify mirror))
    )
    (fp_line (start -0.8 -0.4125) (end -0.8 0.4125) (layer B.Fab) (width 0.1))
    (fp_line (start -0.8 0.4125) (end 0.8 0.4125) (layer B.Fab) (width 0.1))
    (fp_line (start 0.8 0.4125) (end 0.8 -0.4125) (layer B.Fab) (width 0.1))
    (fp_line (start 0.8 -0.4125) (end -0.8 -0.4125) (layer B.Fab) (width 0.1))
    (fp_line (start -0.254724 0.5225) (end 0.254724 0.5225) (layer B.SilkS) (width 0.12))
    (fp_line (start -0.254724 -0.5225) (end 0.254724 -0.5225) (layer B.SilkS) (width 0.12))
    (fp_line (start -1.65 -0.73) (end -1.65 0.73) (layer B.CrtYd) (width 0.05))
    (fp_line (start -1.65 0.73) (end 1.65 0.73) (layer B.CrtYd) (width 0.05))
    (fp_line (start 1.65 0.73) (end 1.65 -0.73) (layer B.CrtYd) (width 0.05))
    (fp_line (start 1.65 -0.73) (end -1.65 -0.73) (layer B.CrtYd) (width 0.05))
    (fp_text user %R (at 0 0 135) (layer B.Fab) hide
      (effects (font (size 0.4 0.4) (thickness 0.06)) (justify mirror))
    )
    (pad 2 smd roundrect (at 0.9125 0 315) (size 0.975 0.95) (layers B.Cu B.Paste B.Mask) (roundrect_rratio 0.25)
      (net 16 "Net-(D4-Pad1)"))
    (pad 1 smd roundrect (at -0.9125 0 315) (size 0.975 0.95) (layers B.Cu B.Paste B.Mask) (roundrect_rratio 0.25)
      (net 1 GND))
    (model ${KISYS3DMOD}/Resistor_SMD.3dshapes/R_0603_1608Metric.wrl
      (at (xyz 0 0 0))
      (scale (xyz 1 1 1))
      (rotate (xyz 0 0 0))
    )
  )

  (module Resistor_SMD:R_0603_1608Metric_Pad0.98x0.95mm_HandSolder (layer B.Cu) (tedit 5F68FEEE) (tstamp 6168C9F4)
    (at 131 85 270)
    (descr "Resistor SMD 0603 (1608 Metric), square (rectangular) end terminal, IPC_7351 nominal with elongated pad for handsoldering. (Body size source: IPC-SM-782 page 72, https://www.pcb-3d.com/wordpress/wp-content/uploads/ipc-sm-782a_amendment_1_and_2.pdf), generated with kicad-footprint-generator")
    (tags "resistor handsolder")
    (path /617D5F3E)
    (attr smd)
    (fp_text reference R10 (at 0 -1.5 90) (layer B.SilkS) hide
      (effects (font (size 1 1) (thickness 0.15)) (justify mirror))
    )
    (fp_text value R (at 0 -1.43 90) (layer B.Fab) hide
      (effects (font (size 1 1) (thickness 0.15)) (justify mirror))
    )
    (fp_line (start -0.8 -0.4125) (end -0.8 0.4125) (layer B.Fab) (width 0.1))
    (fp_line (start -0.8 0.4125) (end 0.8 0.4125) (layer B.Fab) (width 0.1))
    (fp_line (start 0.8 0.4125) (end 0.8 -0.4125) (layer B.Fab) (width 0.1))
    (fp_line (start 0.8 -0.4125) (end -0.8 -0.4125) (layer B.Fab) (width 0.1))
    (fp_line (start -0.254724 0.5225) (end 0.254724 0.5225) (layer B.SilkS) (width 0.12))
    (fp_line (start -0.254724 -0.5225) (end 0.254724 -0.5225) (layer B.SilkS) (width 0.12))
    (fp_line (start -1.65 -0.73) (end -1.65 0.73) (layer B.CrtYd) (width 0.05))
    (fp_line (start -1.65 0.73) (end 1.65 0.73) (layer B.CrtYd) (width 0.05))
    (fp_line (start 1.65 0.73) (end 1.65 -0.73) (layer B.CrtYd) (width 0.05))
    (fp_line (start 1.65 -0.73) (end -1.65 -0.73) (layer B.CrtYd) (width 0.05))
    (fp_text user %R (at 0 0 90) (layer B.Fab) hide
      (effects (font (size 0.4 0.4) (thickness 0.06)) (justify mirror))
    )
    (pad 2 smd roundrect (at 0.9125 0 270) (size 0.975 0.95) (layers B.Cu B.Paste B.Mask) (roundrect_rratio 0.25)
      (net 15 "Net-(D3-Pad1)"))
    (pad 1 smd roundrect (at -0.9125 0 270) (size 0.975 0.95) (layers B.Cu B.Paste B.Mask) (roundrect_rratio 0.25)
      (net 1 GND))
    (model ${KISYS3DMOD}/Resistor_SMD.3dshapes/R_0603_1608Metric.wrl
      (at (xyz 0 0 0))
      (scale (xyz 1 1 1))
      (rotate (xyz 0 0 0))
    )
  )

  (module Resistor_SMD:R_0603_1608Metric_Pad0.98x0.95mm_HandSolder (layer B.Cu) (tedit 5F68FEEE) (tstamp 6168C9E3)
    (at 133.354765 78.645235 225)
    (descr "Resistor SMD 0603 (1608 Metric), square (rectangular) end terminal, IPC_7351 nominal with elongated pad for handsoldering. (Body size source: IPC-SM-782 page 72, https://www.pcb-3d.com/wordpress/wp-content/uploads/ipc-sm-782a_amendment_1_and_2.pdf), generated with kicad-footprint-generator")
    (tags "resistor handsolder")
    (path /617D6DD0)
    (attr smd)
    (fp_text reference R9 (at 0 -1.414214 45) (layer B.SilkS) hide
      (effects (font (size 1 1) (thickness 0.15)) (justify mirror))
    )
    (fp_text value R (at 0 -1.43 45) (layer B.Fab) hide
      (effects (font (size 1 1) (thickness 0.15)) (justify mirror))
    )
    (fp_line (start -0.8 -0.4125) (end -0.8 0.4125) (layer B.Fab) (width 0.1))
    (fp_line (start -0.8 0.4125) (end 0.8 0.4125) (layer B.Fab) (width 0.1))
    (fp_line (start 0.8 0.4125) (end 0.8 -0.4125) (layer B.Fab) (width 0.1))
    (fp_line (start 0.8 -0.4125) (end -0.8 -0.4125) (layer B.Fab) (width 0.1))
    (fp_line (start -0.254724 0.5225) (end 0.254724 0.5225) (layer B.SilkS) (width 0.12))
    (fp_line (start -0.254724 -0.5225) (end 0.254724 -0.5225) (layer B.SilkS) (width 0.12))
    (fp_line (start -1.65 -0.73) (end -1.65 0.73) (layer B.CrtYd) (width 0.05))
    (fp_line (start -1.65 0.73) (end 1.65 0.73) (layer B.CrtYd) (width 0.05))
    (fp_line (start 1.65 0.73) (end 1.65 -0.73) (layer B.CrtYd) (width 0.05))
    (fp_line (start 1.65 -0.73) (end -1.65 -0.73) (layer B.CrtYd) (width 0.05))
    (fp_text user %R (at 0 0 45) (layer B.Fab) hide
      (effects (font (size 0.4 0.4) (thickness 0.06)) (justify mirror))
    )
    (pad 2 smd roundrect (at 0.9125 0 225) (size 0.975 0.95) (layers B.Cu B.Paste B.Mask) (roundrect_rratio 0.25)
      (net 14 "Net-(D2-Pad1)"))
    (pad 1 smd roundrect (at -0.9125 0 225) (size 0.975 0.95) (layers B.Cu B.Paste B.Mask) (roundrect_rratio 0.25)
      (net 1 GND))
    (model ${KISYS3DMOD}/Resistor_SMD.3dshapes/R_0603_1608Metric.wrl
      (at (xyz 0 0 0))
      (scale (xyz 1 1 1))
      (rotate (xyz 0 0 0))
    )
  )

  (module Resistor_SMD:R_0603_1608Metric_Pad0.98x0.95mm_HandSolder (layer B.Cu) (tedit 5F68FEEE) (tstamp 6168C9D2)
    (at 140 76 180)
    (descr "Resistor SMD 0603 (1608 Metric), square (rectangular) end terminal, IPC_7351 nominal with elongated pad for handsoldering. (Body size source: IPC-SM-782 page 72, https://www.pcb-3d.com/wordpress/wp-content/uploads/ipc-sm-782a_amendment_1_and_2.pdf), generated with kicad-footprint-generator")
    (tags "resistor handsolder")
    (path /617D7B59)
    (attr smd)
    (fp_text reference R8 (at 0 -1.5) (layer B.SilkS) hide
      (effects (font (size 1 1) (thickness 0.15)) (justify mirror))
    )
    (fp_text value R (at 0 -1.43) (layer B.Fab) hide
      (effects (font (size 1 1) (thickness 0.15)) (justify mirror))
    )
    (fp_line (start -0.8 -0.4125) (end -0.8 0.4125) (layer B.Fab) (width 0.1))
    (fp_line (start -0.8 0.4125) (end 0.8 0.4125) (layer B.Fab) (width 0.1))
    (fp_line (start 0.8 0.4125) (end 0.8 -0.4125) (layer B.Fab) (width 0.1))
    (fp_line (start 0.8 -0.4125) (end -0.8 -0.4125) (layer B.Fab) (width 0.1))
    (fp_line (start -0.254724 0.5225) (end 0.254724 0.5225) (layer B.SilkS) (width 0.12))
    (fp_line (start -0.254724 -0.5225) (end 0.254724 -0.5225) (layer B.SilkS) (width 0.12))
    (fp_line (start -1.65 -0.73) (end -1.65 0.73) (layer B.CrtYd) (width 0.05))
    (fp_line (start -1.65 0.73) (end 1.65 0.73) (layer B.CrtYd) (width 0.05))
    (fp_line (start 1.65 0.73) (end 1.65 -0.73) (layer B.CrtYd) (width 0.05))
    (fp_line (start 1.65 -0.73) (end -1.65 -0.73) (layer B.CrtYd) (width 0.05))
    (fp_text user %R (at 0 0) (layer B.Fab) hide
      (effects (font (size 0.4 0.4) (thickness 0.06)) (justify mirror))
    )
    (pad 2 smd roundrect (at 0.9125 0 180) (size 0.975 0.95) (layers B.Cu B.Paste B.Mask) (roundrect_rratio 0.25)
      (net 13 "Net-(D1-Pad1)"))
    (pad 1 smd roundrect (at -0.9125 0 180) (size 0.975 0.95) (layers B.Cu B.Paste B.Mask) (roundrect_rratio 0.25)
      (net 1 GND))
    (model ${KISYS3DMOD}/Resistor_SMD.3dshapes/R_0603_1608Metric.wrl
      (at (xyz 0 0 0))
      (scale (xyz 1 1 1))
      (rotate (xyz 0 0 0))
    )
  )

  (module Resistor_SMD:R_0603_1608Metric_Pad0.98x0.95mm_HandSolder (layer F.Cu) (tedit 5F68FEEE) (tstamp 6168C9C1)
    (at 131.0875 98 180)
    (descr "Resistor SMD 0603 (1608 Metric), square (rectangular) end terminal, IPC_7351 nominal with elongated pad for handsoldering. (Body size source: IPC-SM-782 page 72, https://www.pcb-3d.com/wordpress/wp-content/uploads/ipc-sm-782a_amendment_1_and_2.pdf), generated with kicad-footprint-generator")
    (tags "resistor handsolder")
    (path /6175B494)
    (attr smd)
    (fp_text reference R7 (at 0 -1.43) (layer F.SilkS)
      (effects (font (size 1 1) (thickness 0.15)))
    )
    (fp_text value 10K (at 0 1.43) (layer F.Fab)
      (effects (font (size 1 1) (thickness 0.15)))
    )
    (fp_line (start -0.8 0.4125) (end -0.8 -0.4125) (layer F.Fab) (width 0.1))
    (fp_line (start -0.8 -0.4125) (end 0.8 -0.4125) (layer F.Fab) (width 0.1))
    (fp_line (start 0.8 -0.4125) (end 0.8 0.4125) (layer F.Fab) (width 0.1))
    (fp_line (start 0.8 0.4125) (end -0.8 0.4125) (layer F.Fab) (width 0.1))
    (fp_line (start -0.254724 -0.5225) (end 0.254724 -0.5225) (layer F.SilkS) (width 0.12))
    (fp_line (start -0.254724 0.5225) (end 0.254724 0.5225) (layer F.SilkS) (width 0.12))
    (fp_line (start -1.65 0.73) (end -1.65 -0.73) (layer F.CrtYd) (width 0.05))
    (fp_line (start -1.65 -0.73) (end 1.65 -0.73) (layer F.CrtYd) (width 0.05))
    (fp_line (start 1.65 -0.73) (end 1.65 0.73) (layer F.CrtYd) (width 0.05))
    (fp_line (start 1.65 0.73) (end -1.65 0.73) (layer F.CrtYd) (width 0.05))
    (fp_text user %R (at 0 0) (layer F.Fab)
      (effects (font (size 0.4 0.4) (thickness 0.06)))
    )
    (pad 2 smd roundrect (at 0.9125 0 180) (size 0.975 0.95) (layers F.Cu F.Paste F.Mask) (roundrect_rratio 0.25)
      (net 21 "Net-(Q2-Pad3)"))
    (pad 1 smd roundrect (at -0.9125 0 180) (size 0.975 0.95) (layers F.Cu F.Paste F.Mask) (roundrect_rratio 0.25)
      (net 3 +5V))
    (model ${KISYS3DMOD}/Resistor_SMD.3dshapes/R_0603_1608Metric.wrl
      (at (xyz 0 0 0))
      (scale (xyz 1 1 1))
      (rotate (xyz 0 0 0))
    )
  )

  (module Resistor_SMD:R_0603_1608Metric_Pad0.98x0.95mm_HandSolder (layer F.Cu) (tedit 5F68FEEE) (tstamp 6168C9B0)
    (at 127.1625 98 180)
    (descr "Resistor SMD 0603 (1608 Metric), square (rectangular) end terminal, IPC_7351 nominal with elongated pad for handsoldering. (Body size source: IPC-SM-782 page 72, https://www.pcb-3d.com/wordpress/wp-content/uploads/ipc-sm-782a_amendment_1_and_2.pdf), generated with kicad-footprint-generator")
    (tags "resistor handsolder")
    (path /6175B47B)
    (attr smd)
    (fp_text reference R6 (at 0 -1.43) (layer F.SilkS)
      (effects (font (size 1 1) (thickness 0.15)))
    )
    (fp_text value 10K (at 0 1.43) (layer F.Fab)
      (effects (font (size 1 1) (thickness 0.15)))
    )
    (fp_line (start -0.8 0.4125) (end -0.8 -0.4125) (layer F.Fab) (width 0.1))
    (fp_line (start -0.8 -0.4125) (end 0.8 -0.4125) (layer F.Fab) (width 0.1))
    (fp_line (start 0.8 -0.4125) (end 0.8 0.4125) (layer F.Fab) (width 0.1))
    (fp_line (start 0.8 0.4125) (end -0.8 0.4125) (layer F.Fab) (width 0.1))
    (fp_line (start -0.254724 -0.5225) (end 0.254724 -0.5225) (layer F.SilkS) (width 0.12))
    (fp_line (start -0.254724 0.5225) (end 0.254724 0.5225) (layer F.SilkS) (width 0.12))
    (fp_line (start -1.65 0.73) (end -1.65 -0.73) (layer F.CrtYd) (width 0.05))
    (fp_line (start -1.65 -0.73) (end 1.65 -0.73) (layer F.CrtYd) (width 0.05))
    (fp_line (start 1.65 -0.73) (end 1.65 0.73) (layer F.CrtYd) (width 0.05))
    (fp_line (start 1.65 0.73) (end -1.65 0.73) (layer F.CrtYd) (width 0.05))
    (fp_text user %R (at 0 0) (layer F.Fab)
      (effects (font (size 0.4 0.4) (thickness 0.06)))
    )
    (pad 2 smd roundrect (at 0.9125 0 180) (size 0.975 0.95) (layers F.Cu F.Paste F.Mask) (roundrect_rratio 0.25)
      (net 1 GND))
    (pad 1 smd roundrect (at -0.9125 0 180) (size 0.975 0.95) (layers F.Cu F.Paste F.Mask) (roundrect_rratio 0.25)
      (net 22 "Net-(R6-Pad1)"))
    (model ${KISYS3DMOD}/Resistor_SMD.3dshapes/R_0603_1608Metric.wrl
      (at (xyz 0 0 0))
      (scale (xyz 1 1 1))
      (rotate (xyz 0 0 0))
    )
  )

  (module Package_SO:TSOP-6_1.65x3.05mm_P0.95mm (layer F.Cu) (tedit 5A02F25C) (tstamp 6168C8FF)
    (at 133.34 94.75)
    (descr "TSOP-6 package (comparable to TSOT-23), https://www.vishay.com/docs/71200/71200.pdf")
    (tags "Jedec MO-193C TSOP-6L")
    (path /6175B49F)
    (attr smd)
    (fp_text reference Q2 (at 0 -2.45) (layer F.SilkS)
      (effects (font (size 1 1) (thickness 0.15)))
    )
    (fp_text value PMN48XP (at 0 2.5) (layer F.Fab)
      (effects (font (size 1 1) (thickness 0.15)))
    )
    (fp_line (start -0.8 1.6) (end 0.8 1.6) (layer F.SilkS) (width 0.12))
    (fp_line (start 0.8 -1.6) (end -1.5 -1.6) (layer F.SilkS) (width 0.12))
    (fp_line (start -0.825 -1.1) (end -0.425 -1.525) (layer F.Fab) (width 0.1))
    (fp_line (start 0.825 -1.525) (end -0.425 -1.525) (layer F.Fab) (width 0.1))
    (fp_line (start -0.825 -1.1) (end -0.825 1.525) (layer F.Fab) (width 0.1))
    (fp_line (start 0.825 1.525) (end -0.825 1.525) (layer F.Fab) (width 0.1))
    (fp_line (start 0.825 -1.525) (end 0.825 1.525) (layer F.Fab) (width 0.1))
    (fp_line (start -1.76 -1.78) (end 1.76 -1.78) (layer F.CrtYd) (width 0.05))
    (fp_line (start -1.76 -1.78) (end -1.76 1.77) (layer F.CrtYd) (width 0.05))
    (fp_line (start 1.76 1.77) (end 1.76 -1.78) (layer F.CrtYd) (width 0.05))
    (fp_line (start 1.76 1.77) (end -1.76 1.77) (layer F.CrtYd) (width 0.05))
    (fp_text user %R (at 0 0 90) (layer F.Fab)
      (effects (font (size 0.5 0.5) (thickness 0.075)))
    )
